95
5173483600
4665492648
6940833332
1680885215
2278955568
4709381855
2549840643
9631517260
5778806647
3470156998
6890404611
7296676189
0553080866
5365601856
2024784252
2984097447
2231804225
1965118089
9351301277
8512006386
3960115809
4455267203
4375014080
7733868070
8988416797
3418083311
5144358527
3899308418
4214548591
1918045855
4075348384
4014582151
2272585220
9857119496
8425025916
1568520458
6684561053
1528862406
0401841113
1855289373
2666263421
6208048267
8660768726
1657032707
5481140277
8449750458
8872261302
5320617362
2934403891
7989627335
1644080506
6782341053
8232898289
1391093843
6391584015
5391483430
7464062025
8303368282
9907709677
7373512347
4409582932
2613764252
7168214081
9384632040
9528823158
8309305182
1125483244
1184110489
8439532341
7967160412
0300174920
0943936819
8175602600
8553304928
2485049627
2438532070
8531201937
2777821462
2607982829
6311191624
4553866916
0734822709
3685718338
8164963883
4820888091
7134418870
4786934162
3011801168
4041915133
2527677874
6540305116
9163988566
6679523949
2986649333
4669324913

2293459524
5882478669
4131887490
9283610345
1682153807
5764364038
2939280142
8632201733
3127605345
7904546400
1162348690
4022415915
1871930056
3801059453
6502785112
2574714286
6122484446
0677280071
6584222434
6626969635
9363657254
7507886407
1363948460
5662149585
2803150916
0790853347
4315860243
7741466014
6378450909
3331208023
3090629326
3581185259
3179135852
7222527790
2160633570
9746427263
0963731534
0843785268
1311481513
8846030933
5031307404
1080159260
4150190275
9874080974
2526968517
3839752358
1447208135
2254140299
0164805033
2166429037
1636185691
0130865662
0688002514
2524863423
8085154225
5717908747
1321831282
1734903209
1011033790
0981023328
3759282466
7680259454
3969291100
6850703654
1233415957
9832864645
2413412483
2487324268
9284173269
4846446963
5621536173
0873005260
2436482120
6649260841
2234092137
0867106945
4784956231
9447294272
5074985990
8393772056
0473396982
8830578741
1846780551
0937054172
3497550650
9007301122
8130733169
0569114372
3990893442
2917478990
1360585095
1311287003
8044787651
4188110629
0447128727

5242235100
5820389564
1391185435
8474347681
5915648073
0820469134
1902860433
2515874796
3687333877
5189075986
9418949380
1726822796
7994290735
3833689037
1571167477
1511115932
6780953983
6938027325
1150782193
1515279605
9959523560
0559067253
2109749428
4800400029
7662194842
6358990880
9181743112
4564775431
1817327091
3736374011
8311582145
3398342512
0590577398
7931265080
3735944939
3878084293
6840878863
8372759689
6271504426
4146215030
6414778442
8288429847
1789013232
3690870400
3702818537
2661053020
2373905068
2622041030
4081821588
1603614769
3954291939
3175545196
4961405614
2588111047
6503731186
6095878566
9872978970
0950661692
3294799246
4892270121
1554556219
1973884242
9173890549
3554895776
1207750325
4766698272
9854273556
3468412398
4317569089
9214334843
2346747220
2836929240
9163356592
6930698367
5428602760
9476360329
9131124657
9222750513
0784092716
7335373089
1320369877
9083924662
0600209889
6676946500
4633214767
8175110461
3296446569
5795406952
9521769608
3287176140
2532223533
1161358161
6973017976
9827980855
2014087347

1431219060
3221050278
7508657175
1713110798
0567705207
5423918487
2709052437
0137500708
0865274967
3800449017
1782330066
3338563571
8335798268
5828734937
6817950819
7409590869
6670707881
4074561667
9100965463
2020574158
0978267981
5630745585
0416937902
5893653208
4122446400
3568606226
8910903612
4196726330
2974178512
5226545444
8904790435
4181742187
1471521150
2526731924
1114815553
2693180303
3623938515
3674484475
4553684415
3747451396
5644253375
2722758325
6861720734
5010143699
2151343955
6274334369
4437226884
0149255705
6756776118
9462701935
2349478279
7724814929
4005888208
2949957559
5496806922
6699375233
3595726350
8219984185
1544809430
9925983423
5641972965
8593754984
5223345716
1064292752
7897539632
4220056101
4501534627
4474340888
0375061706
8548326676
8972131071
9747765114
6246407180
9117843805
3646105038
5083228415
1920544344
8311804059
4971722341
7656209321
1545983376
5674704648
9634167378
8079399513
9288643930
5570596286
3491123049
5286189730
5581336214
2682317105
7911732585
4408406097
5567909457
0718477627
2634712461

1590660432
5718242605
3886986753
6949004451
4538164157
7876130071
1817198084
0014529238
7388796905
2777510558
9838955915
1828132720
4449485721
4448381903
2180000031
4569821255
3307896192
9859340655
2122159297
8534450505
7218142729
4319117411
0735123188
5399053947
7594603884
3015435435
5606825018
3544192643
3915124218
6764457627
9703940252
8356046048
5533924522
9244194472
3380063553
0919488139
5818625280
8112813515
7393035553
0949035272
1183492678
9289748832
4432849904
3051500744
6513638039
9053244937
4582042742
7910983558
2945376334
9798391139
9036872116
0786901923
9675392751
6686185255
4293990475
6011094576
4171908293
9376338628
4977804735
2230073230
3286294087
4960915477
7214561125
3846731053
4030436670
4132319337
3659880704
0462916344
8982646382
6946131679
0994018138
1766522427
3433216251
8012734070
2425652669
0226593360
3545455362
2291335149
0241527201
1075562542
7899969786
3142307035
9136038269
6485180732
1244568180
0322314249
2635545772
7428692932
0715126102
1230943208
2961052505
0817567278
3574103558
8727894739
5155736082